manzana 0.3208269525267994 0.6142857142857143 0.053598774885145486 0.0653061224489796
manzana 0.33843797856049007 0.6581632653061225 0.05819295558958652 0.07142857142857144
manzana 0.34915773353751917 0.6948979591836736 0.06125574272588055 0.0673469387755102
manzana 0.26339969372128635 0.6948979591836736 0.06738131699846861 0.0673469387755102
manzana 0.2840735068912711 0.7459183673469388 0.06278713629402757 0.07959183673469389
manzana 0.33843797856049007 0.7622448979591837 0.06431852986217458 0.07142857142857144
manzana 0.3973966309341501 0.7326530612244898 0.05972434915773354 0.07346938775510205
manzana 0.20444104134762633 0.7438775510204082 0.06584992343032159 0.06326530612244899
manzana 0.4004594180704441 0.653061224489796 0.05053598774885146 0.07346938775510205
manzana 0.35298621745788666 0.5979591836734695 0.03215926493108729 0.0489795918367347
manzana 0.37059724349157736 0.5877551020408164 0.030627871362940276 0.04489795918367347
manzana 0.4058192955589587 0.5836734693877551 0.03981623277182236 0.05714285714285715
manzana 0.41500765696784075 0.6142857142857143 0.03981623277182236 0.04489795918367347
manzana 0.442572741194487 0.6744897959183674 0.042879019908116385 0.05918367346938776
manzana 0.45941807044410415 0.6306122448979592 0.033690658499234305 0.0489795918367347
manzana 0.47166921898928027 0.5908163265306123 0.02756508422664625 0.04693877551020409
manzana 0.495405819295559 0.6081632653061225 0.02909647779479326 0.036734693877551024
precio 0.2113323124042879 0.5020408163265306 0.11332312404287903 0.09387755102040818
precio 0.47090352220520676 0.5040816326530613 0.10872894333843798 0.1346938775510204
precio 0.1416539050535988 0.8867346938775511 0.0781010719754977 0.1653061224489796
precio 0.711332312404288 0.3163265306122449 0.1638591117917305 0.1673469387755102
precio 0.9609494640122512 0.4744897959183674 0.0781010719754977 0.12040816326530614
precio 0.9203675344563553 0.916326530612245 0.15926493108728945 0.15510204081632656
precio 0.22511485451761104 0.33571428571428574 0.10413476263399694 0.1163265306122449
precio 0.4517611026033691 0.33979591836734696 0.10107197549770292 0.12040816326530614
precio 0.34762633996937214 0.4061224489795919 0.08575803981623277 0.10204081632653061
precio 0.09571209800918837 0.31938775510204087 0.03828483920367535 0.07551020408163266
precio 0.20367534456355285 0.2653061224489796 0.07044410413476264 0.0653061224489796
precio 0.36983154670750384 0.24387755102040817 0.06891271056661562 0.09183673469387756
platano 0.05130168453292496 0.05918367346938776 0.09035222052067382 0.1142857142857143
platano 0.1753445635528331 0.07142857142857144 0.12710566615620214 0.13877551020408163
platano 0.4793261868300153 0.047959183673469394 0.07963246554364473 0.09183673469387756
