0 0.2113323124042879 0.5020408163265306 0.11332312404287903 0.09387755102040818
0 0.47090352220520676 0.5040816326530613 0.10872894333843798 0.1346938775510204
0 0.1416539050535988 0.8867346938775511 0.0781010719754977 0.1653061224489796
0 0.711332312404288 0.3163265306122449 0.1638591117917305 0.1673469387755102
0 0.9609494640122512 0.4744897959183674 0.0781010719754977 0.12040816326530614
0 0.9203675344563553 0.916326530612245 0.15926493108728945 0.15510204081632656
0 0.22511485451761104 0.33571428571428574 0.10413476263399694 0.1163265306122449
0 0.4517611026033691 0.33979591836734696 0.10107197549770292 0.12040816326530614
0 0.34762633996937214 0.4061224489795919 0.08575803981623277 0.10204081632653061
0 0.09571209800918837 0.31938775510204087 0.03828483920367535 0.07551020408163266
0 0.20367534456355285 0.2653061224489796 0.07044410413476264 0.0653061224489796
0 0.36983154670750384 0.24387755102040817 0.06891271056661562 0.09183673469387756
