0 0.3621745788667688 0.536734693877551 0.1424196018376723 0.15918367346938778
0 0.2312404287901991 0.3663265306122449 0.13169984686064318 0.14081632653061227
0 0.08422664624808576 0.5632653061224491 0.16539050535987748 0.18775510204081636
0 0.042879019908116385 0.413265306122449 0.08269525267993874 0.1326530612244898
0 0.24119448698315468 0.853061224489796 0.22511485451761104 0.22448979591836737
0 0.5849923430321593 0.753061224489796 0.13476263399693722 0.17551020408163268
0 0.5742725880551302 0.5948979591836735 0.1531393568147014 0.13673469387755102
0 0.6454823889739664 0.513265306122449 0.12710566615620214 0.1489795918367347
0 0.7534456355283308 0.6561224489795919 0.09188361408882083 0.14489795918367349
0 0.9517611026033691 0.5520408163265307 0.06891271056661562 0.1163265306122449
0 0.836906584992343 0.40204081632653066 0.04747320061255743 0.10612244897959185
