0 0.35758039816232773 0.503061224489796 0.15773353751914243 0.1326530612244898
0 0.5038284839203676 0.4 0.13169984686064318 0.1836734693877551
0 0.6408882082695253 0.3448979591836735 0.15773353751914243 0.1836734693877551
0 0.6699846860643186 0.5551020408163265 0.1669218989280245 0.20408163265306123
0 0.332312404287902 0.9418367346938776 0.110260336906585 0.1163265306122449
0 0.07120980091883615 0.8673469387755103 0.13935681470137826 0.22040816326530616
0 0.05436447166921899 0.3785714285714286 0.10566615620214395 0.16938775510204082
0 0.2006125574272588 0.22755102040816327 0.0765696784073507 0.10816326530612246
0 0.30474732006125577 0.15204081632653063 0.09188361408882083 0.11224489795918369
0 0.3506891271056662 0.276530612244898 0.13782542113323124 0.1653061224489796
0 0.49387442572741197 0.1469387755102041 0.09647779479326188 0.12244897959183675
0 0.9563552833078102 0.4142857142857143 0.08728943338437979 0.22040816326530616
