0 0.6837672281776417 0.25204081632653064 0.13629402756508424 0.1163265306122449
0 0.7633996937212864 0.4091836734693878 0.11791730474732007 0.15714285714285717
0 0.6546707503828484 0.8255102040816328 0.13935681470137826 0.17755102040816328
0 0.48085758039816234 0.43469387755102046 0.14088820826952528 0.11836734693877551
0 0.32618683001531396 0.839795918367347 0.16845329249617153 0.2142857142857143
0 0.058958652373660034 0.7877551020408164 0.11485451761102604 0.1959183673469388
0 0.11408882082695253 0.38673469387755105 0.13016845329249618 0.15306122448979592
0 0.18300153139356815 0.2448979591836735 0.09647779479326188 0.10612244897959185
0 0.2335375191424196 0.1816326530612245 0.0995405819295559 0.1142857142857143
0 0.37978560490045943 0.25612244897959185 0.13476263399693722 0.1489795918367347
0 0.4218989280245023 0.15204081632653063 0.0995405819295559 0.12448979591836735
0 0.5742725880551302 0.3295918367346939 0.12557427258805515 0.14489795918367349
