0 0.6799387442572742 0.7428571428571429 0.1531393568147014 0.163265306122449
0 0.2618683001531394 0.7316326530612246 0.1531393568147014 0.15714285714285717
0 0.832312404287902 0.5428571428571429 0.06584992343032159 0.11836734693877551
0 0.8506891271056662 0.25204081632653064 0.02909647779479326 0.03877551020408164
0 0.8675344563552834 0.2724489795918368 0.03522205206738132 0.03469387755102041
0 0.8843797856049005 0.27142857142857146 0.022970903522205207 0.04489795918367347
0 0.9004594180704442 0.2540816326530613 0.02450229709035222 0.04285714285714286
0 0.9142419601837672 0.2724489795918368 0.03981623277182236 0.04285714285714286
0 0.944104134762634 0.27448979591836736 0.022970903522205207 0.04693877551020409
0 0.9640122511485452 0.2642857142857143 0.026033690658499236 0.05102040816326531
0 0.9877488514548239 0.26734693877551025 0.021439509954058193 0.05306122448979592
0 0.6715160796324656 0.4214285714285715 0.0781010719754977 0.09183673469387756
0 0.6355283307810108 0.3418367346938776 0.06431852986217458 0.1
0 0.5183767228177641 0.39081632653061227 0.10566615620214395 0.09591836734693879
0 0.44716692189892804 0.3112244897959184 0.06738131699846861 0.07551020408163266
0 0.4785604900459418 0.25510204081632654 0.03522205206738132 0.10204081632653061
0 0.5160796324655437 0.2693877551020408 0.042879019908116385 0.0489795918367347
0 0.48162327718223585 0.1163265306122449 0.056661562021439515 0.10204081632653061
