0 0.056661562021439515 0.28979591836734697 0.110260336906585 0.12653061224489798
0 0.09571209800918837 0.39081632653061227 0.16079632465543645 0.1489795918367347
0 0.20214395099540583 0.616326530612245 0.2113323124042879 0.1959183673469388
0 0.3499234303215927 0.3744897959183674 0.14854517611026033 0.15306122448979592
0 0.25344563552833077 0.23673469387755103 0.13016845329249618 0.13877551020408163
0 0.5620214395099541 0.41632653061224495 0.14701378254211334 0.11836734693877551
0 0.6301684532924962 0.33673469387755106 0.13016845329249618 0.14285714285714288
0 0.5520673813169985 0.5632653061224491 0.14548238897396631 0.15918367346938778
0 0.7427258805513017 0.46938775510204084 0.09494640122511486 0.11020408163265308
0 0.9111791730474732 0.3122448979591837 0.042879019908116385 0.1469387755102041
0 0.879019908116386 0.23571428571428574 0.0551301684532925 0.13673469387755102
0 0.9724349157733538 0.37142857142857144 0.0551301684532925 0.09387755102040818
0 0.8637059724349158 0.8653061224489796 0.11332312404287903 0.15510204081632656
0 0.6707503828483921 0.9479591836734694 0.09188361408882083 0.10408163265306124
