0 0.6983154670750383 0.22653061224489798 0.14088820826952528 0.18775510204081636
0 0.8989280245022971 0.38367346938775515 0.06431852986217458 0.07755102040816328
0 0.9617151607963247 0.2622448979591837 0.042879019908116385 0.10408163265306124
0 0.8384379785604901 0.45000000000000007 0.08422664624808576 0.1326530612244898
0 0.714395099540582 0.4785714285714286 0.08422664624808576 0.08775510204081634
0 0.5788667687595712 0.44489795918367353 0.08575803981623277 0.0979591836734694
0 0.3966309341500766 0.5408163265306123 0.10413476263399694 0.12244897959183675
0 0.2741194486983155 0.5714285714285715 0.11638591117917305 0.1142857142857143
0 0.1416539050535988 0.5887755102040817 0.11791730474732007 0.12040816326530614
0 0.07350689127105667 0.2836734693877551 0.1439509954058193 0.2448979591836735
