0 0.6186830015313936 0.04183673469387755 0.17457886676875958 0.07959183673469389
0 0.6194486983154671 0.21020408163265308 0.18223583460949463 0.3020408163265306
0 0.5803981623277182 0.5346938775510205 0.2542113323124043 0.2938775510204082
0 0.3062787136294028 0.4948979591836735 0.0551301684532925 0.0836734693877551
0 0.34762633996937214 0.4469387755102041 0.0551301684532925 0.10204081632653061
0 0.3001531393568147 0.31428571428571433 0.045941807044410414 0.08979591836734695
0 0.2664624808575804 0.43775510204081636 0.05206738131699847 0.0836734693877551
0 0.2197549770290965 0.37244897959183676 0.04134762633996937 0.04693877551020409
0 0.23813169984686064 0.2724489795918368 0.05053598774885146 0.0836734693877551
0 0.20290964777947934 0.22142857142857145 0.03215926493108729 0.07551020408163266
0 0.29096477794793263 0.0653061224489796 0.02756508422664625 0.07755102040816328
0 0.23966309341500766 0.07551020408163266 0.02909647779479326 0.07346938775510205
0 0.2006125574272588 0.04591836734693878 0.02756508422664625 0.07142857142857144
0 0.13016845329249618 0.07857142857142858 0.04900459418070444 0.05918367346938776
0 0.8751914241960184 0.3122448979591837 0.0444104134762634 0.07755102040816328
0 0.18453292496171517 0.17346938775510207 0.053598774885145486 0.036734693877551024
