0 0.276416539050536 0.37959183673469393 0.19142419601837674 0.27346938775510204
0 0.3943338437978561 0.3887755102040817 0.06584992343032159 0.10408163265306124
0 0.557427258805513 0.3112244897959184 0.1439509954058193 0.21836734693877552
0 0.7710566615620215 0.47346938775510206 0.1546707503828484 0.14285714285714288
0 0.10796324655436447 0.6357142857142858 0.026033690658499236 0.03469387755102041
0 0.0880551301684533 0.6234693877551021 0.022970903522205207 0.030612244897959186
0 0.052833078101071976 0.6244897959183674 0.022970903522205207 0.04081632653061225
0 0.04747320061255743 0.5948979591836735 0.021439509954058193 0.02653061224489796
0 0.0880551301684533 0.5887755102040817 0.010719754977029096 0.030612244897959186
0 0.1003062787136294 0.5887755102040817 0.013782542113323125 0.02653061224489796
0 0.13935681470137826 0.6040816326530613 0.02756508422664625 0.04081632653061225
0 0.14624808575803983 0.5744897959183674 0.013782542113323125 0.030612244897959186
0 0.1669218989280245 0.5775510204081633 0.01225114854517611 0.028571428571428574
0 0.17917304747320062 0.5693877551020409 0.01225114854517611 0.036734693877551024
0 0.20367534456355285 0.5877551020408164 0.021439509954058193 0.036734693877551024
