0 0.43568147013782543 0.4 0.09341500765696785 0.10612244897959185
0 0.37978560490045943 0.789795918367347 0.18070444104134764 0.1469387755102041
0 0.655436447166922 0.6091836734693878 0.11332312404287903 0.14081632653061227
0 0.8591117917304748 0.8989795918367348 0.18376722817764166 0.20204081632653062
0 0.6485451761102604 0.4326530612244898 0.08422664624808576 0.08571428571428572
0 0.6638591117917305 0.3438775510204082 0.06891271056661562 0.10408163265306124
0 0.5987748851454824 0.2642857142857143 0.06738131699846861 0.0673469387755102
0 0.5551301684532925 0.2489795918367347 0.06891271056661562 0.10612244897959185
0 0.445635528330781 0.32551020408163267 0.09188361408882083 0.09183673469387756
0 0.5781010719754978 0.11020408163265308 0.07503828483920368 0.11836734693877551
