0 0.26339969372128635 0.5448979591836736 0.09188361408882083 0.06938775510204082
0 0.36064318529862177 0.5326530612244899 0.10566615620214395 0.1142857142857143
0 0.3751914241960184 0.4091836734693878 0.09494640122511486 0.09591836734693879
0 0.4609494640122512 0.42040816326530617 0.06125574272588055 0.06938775510204082
0 0.4509954058192956 0.589795918367347 0.12404287901990813 0.12244897959183675
0 0.5436447166921899 0.45102040816326533 0.08575803981623277 0.11020408163265308
0 0.7396630934150077 0.3887755102040817 0.12863705972434916 0.1489795918367347
0 0.7381316998468607 0.5336734693877552 0.15926493108728945 0.10816326530612246
0 0.04900459418070444 0.4438775510204082 0.09494640122511486 0.07959183673469389
0 0.030627871362940276 0.5122448979591837 0.05819295558958652 0.0653061224489796
