0 0.3001531393568147 0.4295918367346939 0.11332312404287903 0.11224489795918369
0 0.22741194486983154 0.38469387755102047 0.07197549770290965 0.07959183673469389
0 0.06278713629402757 0.6459183673469389 0.1225114854517611 0.15306122448979592
0 0.5444104134762634 0.44897959183673475 0.11485451761102604 0.15510204081632656
0 0.40199081163859113 0.6887755102040817 0.09647779479326188 0.14081632653061227
0 0.3453292496171516 0.3234693877551021 0.10260336906584992 0.08775510204081634
0 0.4180704441041348 0.23979591836734696 0.08575803981623277 0.1163265306122449
0 0.6003062787136294 0.23775510204081635 0.1225114854517611 0.21020408163265308
0 0.8606431852986218 0.3663265306122449 0.08575803981623277 0.1326530612244898
0 0.8415007656967841 0.5316326530612245 0.09647779479326188 0.1
0 0.9800918836140888 0.6020408163265306 0.03981623277182236 0.0816326530612245
0 0.7833078101071976 0.6969387755102041 0.13935681470137826 0.1
