0 0.4073506891271057 0.363265306122449 0.09494640122511486 0.15510204081632656
0 0.5673813169984686 0.5826530612244899 0.06584992343032159 0.1163265306122449
0 0.6255742725880552 0.7908163265306123 0.1209800918836141 0.17346938775510207
0 0.7465543644716692 0.5785714285714286 0.10566615620214395 0.16122448979591839
0 0.9594180704441042 0.3602040816326531 0.08116385911179173 0.12040816326530614
0 0.5206738131699847 0.1316326530612245 0.10107197549770292 0.11224489795918369
0 0.2856049004594181 0.16224489795918368 0.09035222052067382 0.1
0 0.23736600306278716 0.036734693877551024 0.07350689127105667 0.06938775510204082
0 0.023736600306278714 0.17653061224489797 0.0444104134762634 0.05918367346938776
0 0.09035222052067382 0.4112244897959184 0.07963246554364473 0.1326530612244898
