0 0.2098009188361409 0.5204081632653061 0.26339969372128635 0.2326530612244898
0 0.06508422664624809 0.2693877551020408 0.12710566615620214 0.17551020408163268
0 0.3208269525267994 0.2642857142857143 0.15160796324655437 0.18979591836734697
0 0.16156202143950996 0.12448979591836735 0.14854517611026033 0.1346938775510204
0 0.5497702909647779 0.3234693877551021 0.15926493108728945 0.13673469387755102
0 0.6156202143950996 0.2285714285714286 0.1225114854517611 0.14285714285714288
0 0.7327718223583461 0.3744897959183674 0.09647779479326188 0.1326530612244898
0 0.5658499234303216 0.4612244897959184 0.14854517611026033 0.15918367346938778
0 0.9134762633996938 0.7704081632653061 0.10260336906584992 0.15306122448979592
0 0.7733537519142419 0.9020408163265307 0.12557427258805515 0.1959183673469388
0 0.9295558958652375 0.2755102040816327 0.07044410413476264 0.0979591836734694
