0 0.1447166921898928 0.2908163265306123 0.12404287901990813 0.14081632653061227
0 0.11562021439509955 0.0489795918367347 0.1669218989280245 0.09387755102040818
0 0.28177641653905056 0.3102040816326531 0.10413476263399694 0.11020408163265308
0 0.4081163859111792 0.313265306122449 0.10566615620214395 0.12040816326530614
0 0.601071975497703 0.2693877551020408 0.09341500765696785 0.11836734693877551
0 0.7304747320061256 0.33265306122448984 0.07350689127105667 0.0979591836734694
0 0.8660030627871363 0.3459183673469388 0.08422664624808576 0.12040816326530614
0 0.947166921898928 0.28775510204081634 0.056661562021439515 0.0816326530612245
0 0.7618683001531393 0.10306122448979593 0.13629402756508424 0.20204081632653062
0 0.16003062787136293 0.8295918367346939 0.1669218989280245 0.19387755102040818
