0 0.1424196018376723 0.3102040816326531 0.12863705972434916 0.12244897959183675
0 0.29173047473200614 0.28775510204081634 0.12710566615620214 0.14285714285714288
0 0.496937212863706 0.19489795918367347 0.0995405819295559 0.11224489795918369
0 0.6355283307810108 0.2540816326530613 0.0888208269525268 0.09591836734693879
0 0.768759571209801 0.2285714285714286 0.08269525267993874 0.1142857142857143
0 0.835375191424196 0.16938775510204082 0.06278713629402757 0.08979591836734695
0 0.9418070444104135 0.23571428571428574 0.07044410413476264 0.09183673469387756
0 0.9119448698315468 0.06020408163265307 0.06278713629402757 0.11224489795918369
0 0.6332312404287902 0.04591836734693878 0.1332312404287902 0.08775510204081634
0 0.08652373660030628 0.9112244897959184 0.16998468606431855 0.16938775510204082
0 0.026033690658499236 0.30714285714285716 0.04900459418070444 0.1163265306122449
