0 0.55895865237366 0.5010204081632653 0.30321592649310875 0.2836734693877551
0 0.5849923430321593 0.14183673469387756 0.16232771822358347 0.2510204081632653
0 0.26952526799387444 0.326530612244898 0.03981623277182236 0.07755102040816328
0 0.2871362940275651 0.5204081632653061 0.053598774885145486 0.07755102040816328
0 0.24732006125574274 0.46734693877551026 0.05053598774885146 0.06938775510204082
0 0.1990811638591118 0.42346938775510207 0.045941807044410414 0.05510204081632654
0 0.2090352220520674 0.2948979591836735 0.03522205206738132 0.0673469387755102
0 0.24119448698315468 0.0826530612244898 0.02909647779479326 0.06326530612244899
0 0.19295558958652376 0.1 0.033690658499234305 0.0653061224489796
0 0.1546707503828484 0.08571428571428572 0.030627871362940276 0.05714285714285715
0 0.08499234303215927 0.03775510204081633 0.05053598774885146 0.05102040816326531
0 0.09341500765696785 0.1346938775510204 0.0551301684532925 0.06122448979591837
0 0.14701378254211334 0.22755102040816327 0.045941807044410414 0.06326530612244899
